2022-09-1922108 04 07 13 26 28 07 11
2022-09-2122109 05 09 24 29 35 05 12
2022-09-2422110 02 13 16 18 23 03 06
2022-09-2622111 06 12 16 19 31 06 10
2022-09-2822112 04 11 18 20 26 06 12
2022-10-0522113 13 15 22 31 33 05 12
2022-10-0822114 11 21 24 27 28 05 10
2022-10-1022115 17 19 20 23 27 03 08
2022-10-1222116 01 07 20 22 31 07 12
2022-10-1522117 09 12 15 21 32 02 07
2022-10-1722118 02 05 15 17 26 02 08
2022-10-1922119 01 09 16 25 29 04 09
2022-10-2222120 11 22 26 30 33 03 05
2022-10-2422121 04 15 16 20 21 04 05
2022-10-2622122 04 15 17 19 25 06 12
2022-10-2922123 02 20 28 29 30 07 10
2022-10-3122124 02 04 11 25 30 06 12
2022-11-0222125 03 07 14 16 19 01 11
2022-11-0522126 04 05 08 22 35 01 03
2022-11-0722127 02 03 08 09 20 04 10
2022-11-0922128 10 19 21 23 35 04 10
2022-11-1222129 10 17 23 34 35 01 04
2022-11-1422130 05 07 15 18 23 05 10
2022-11-1622131 02 06 08 10 17 05 06
2022-11-1922132 02 27 30 34 35 09 12
2022-11-2122133 01 02 14 30 31 06 09
2022-11-2322134 03 16 23 27 32 03 06
2022-11-2622135 09 10 27 31 32 01 03
2022-11-2822136 01 11 15 17 33 03 11
2022-11-3022137 05 06 08 15 20 07 08
